0.135335283236613
0.138992732468881
0.142723479271337
0.146528137870731
0.150407298715340
0.154361527412887
0.158391363662771
0.162497320183615
0.166679881637172
0.170939503549665
0.175276611231672
0.179691598697689
0.184184827586535
0.188756626083804
0.193407287847578
0.198137070938644
0.202946196756514
0.207834848982520
0.212803172531318
0.217851272512148
0.222979213201205
0.228187017026510
0.233474663566672
0.238842088564966
0.244289182960146
0.249815791935443
0.255421713987184
0.261106700014508
0.266870452431633
0.272712624304148
0.278632818510796
0.284630586932239
0.290705429668245
0.296856794284797
0.303084075092559
0.309386612458168
0.315763692149782
0.322214544718320
0.328738344915807
0.335334211152211
0.342001204992164
0.348738330692898
0.355544534784749
0.362418705695505
0.369359673419887
0.376366209235402
0.383437025465751
0.390570775292991
0.397766052619550
0.405021391981205
0.412335268512047
0.419706097962436
0.427132236770899
0.434611982190856
0.442143572473019
0.449725187104266
0.457354947103695
0.465030915376549
0.472751097126613
0.480513440327627
0.488315836254202
0.496156120072638
0.504032071492008
0.511941415475763
0.519881823014072
0.527850911957018
0.535846247908709
0.543865345182273
0.551905667815653
0.559964630648000
0.568039600456433
0.576127897152806
0.584226795040081
0.592333524127798
0.600445271506063
0.608559182777398
0.616672363545688
0.624781880961434
0.632884765322355
0.640978011728392
0.649058581790010
0.657123405388658
0.665169382488148
0.673193384995634
0.681192258670809
0.689162825081831
0.697101883606443
0.705006213476660
0.712872575865315
0.720697716012708
0.728478365391505
0.736211243907984
0.743893062137646
0.751520523593149
0.759090327022464
0.766599168735086
0.774043744954075
0.781420754191654
0.788726899646034
0.795958891617076
0.803113449938378
0.810187306423312
0.817177207322497
0.824079915790159
0.830892214356813
0.837610907405633
0.844232823649884
0.850754818608755
0.857173777078906
0.863486615599036
0.869690284904749
0.875781772371028
0.881758104439556
0.887616349028192
0.893353617919864
0.898967069128167
0.904453909236971
0.909811395711344
0.915036839177115
0.920127605666451
0.925081118826808
0.929894862090675
0.934566380803562
0.939093284307708
0.943473247979045
0.947704015214972
0.951783399370596
0.955709285641072
0.959479632887819
0.963092475406367
0.966545924633718
0.969838170793142
0.972967484474388
0.975932218147396
0.978730807607651
0.981361773351398
0.983823721879034
0.986115346925060
0.988235430613087
0.990182844534453
0.991956550749121
0.993555602707616
0.994979146092845
0.996226419580768
0.997296755518957
0.998189580522205
0.998904415984437
0.999440878506284
0.999798680237790
0.999977629135814
0.999977629135814
0.999798680237790
0.999440878506284
0.998904415984437
0.998189580522205
0.997296755518957
0.996226419580768
0.994979146092845
0.993555602707616
0.991956550749121
0.990182844534453
0.988235430613087
0.986115346925060
0.983823721879034
0.981361773351398
0.978730807607651
0.975932218147396
0.972967484474388
0.969838170793142
0.966545924633718
0.963092475406367
0.959479632887819
0.955709285641072
0.951783399370596
0.947704015214972
0.943473247979045
0.939093284307708
0.934566380803562
0.929894862090675
0.925081118826808
0.920127605666451
0.915036839177115
0.909811395711344
0.904453909236971
0.898967069128167
0.893353617919864
0.887616349028192
0.881758104439556
0.875781772371028
0.869690284904749
0.863486615599036
0.857173777078906
0.850754818608755
0.844232823649884
0.837610907405633
0.830892214356813
0.824079915790159
0.817177207322497
0.810187306423312
0.803113449938378
0.795958891617076
0.788726899646034
0.781420754191654
0.774043744954075
0.766599168735086
0.759090327022464
0.751520523593149
0.743893062137646
0.736211243907984
0.728478365391505
0.720697716012708
0.712872575865315
0.705006213476660
0.697101883606443
0.689162825081831
0.681192258670809
0.673193384995634
0.665169382488148
0.657123405388658
0.649058581790010
0.640978011728392
0.632884765322355
0.624781880961434
0.616672363545688
0.608559182777398
0.600445271506063
0.592333524127798
0.584226795040081
0.576127897152806
0.568039600456433
0.559964630648000
0.551905667815653
0.543865345182273
0.535846247908709
0.527850911957018
0.519881823014072
0.511941415475763
0.504032071492008
0.496156120072638
0.488315836254202
0.480513440327627
0.472751097126613
0.465030915376549
0.457354947103695
0.449725187104266
0.442143572473019
0.434611982190856
0.427132236770899
0.419706097962436
0.412335268512047
0.405021391981205
0.397766052619550
0.390570775292991
0.383437025465751
0.376366209235402
0.369359673419887
0.362418705695505
0.355544534784749
0.348738330692898
0.342001204992164
0.335334211152211
0.328738344915807
0.322214544718320
0.315763692149782
0.309386612458168
0.303084075092559
0.296856794284797
0.290705429668245
0.284630586932239
0.278632818510796
0.272712624304148
0.266870452431633
0.261106700014508
0.255421713987184
0.249815791935443
0.244289182960146
0.238842088564966
0.233474663566672
0.228187017026510
0.222979213201205
0.217851272512148
0.212803172531318
0.207834848982520
0.202946196756514
0.198137070938644
0.193407287847578
0.188756626083804
0.184184827586535
0.179691598697689
0.175276611231672
0.170939503549665
0.166679881637172
0.162497320183615
0.158391363662771
0.154361527412887
0.150407298715340
0.146528137870731
0.142723479271337
0.138992732468881
0.135335283236613